01110100110100000000000001111111
01010000110000110100000000000000
00001000000000000000000000100101
01010100000100110000000000000010
01110100001000000000000000000000
01100000000100001000000000000110
01010100000100110000000000000011
01010100001000110000000000000001
00101100110000110000000000000010
01101100110000000100000000000001
10001000001000000000000000000000
00001000000000000000000000100010
01010100000100110000000000000010
00110000110000110000000000000001
01101100110000000100000000000001
01010100000100110000000000000100
01010100001000110000000000000100
01010100001100110000000000000011
00011100010000001000001100000000
01010100001000110000000000000011
00011000001100010000001000000000
00010100001000000100001100000000
00110000110000110000000000000001
01101100110000001000000000000001
01110100001000000000000000011100
00110000110000110000000000000001
01101100110000001000000000000001
00001000000000000000000000000011
01010100000100110000000000000001
00101100110000110000000000000001
01010100001000110000000000000001
00101100110000110000000000000010
01101100110000000100000000000001
10001000001000000000000000000000
01010100000100110000000000000001
00101100110000110000000000000011
10001000000100000000000000000000
00110000110000110000000000000001
00110000110000110000000000000001
01111100000100000000000000000000
01101100110000000100000000000010
01111100000100000000000000000000
01101100110000000100000000000001
01010100000100110000000000000010
00110000110000110000000000000001
01101100110000000100000000000001
01010100000100110000000000000010
00110000110000110000000000000001
01101100110000000100000000000001
01110100001000000000000000110101
00110000110000110000000000000001
01101100110000001000000000000001
00001000000000000000000000000011
01010100000100110000000000000001
00101100110000110000000000000001
10000100000100000000000000000000
00101100110000110000000000000010
00000000000000000000000000000000