01110100110100000000000001111111
01010000110000110100000000000000
00001000000000000000000000001011
01010100000100110000000000000010
01010100001000110000000000000001
00101100110000110000000000000001
01101100110000000100000000000001
10001000001000000000000000000000
01010100000100110000000000000001
00101100110000110000000000000010
10001000000100000000000000000000
00110000110000110000000000000001
00110000110000110000000000001010
00110000110000110000000000000001
01010100000100110000000000000001
01010100001000110000000000000001
00110000110000110000000000000001
01101100110000001000000000000001
01101100110000000100000000001101
01110100001100000000000000010111
00110000110000110000000000000001
01101100110000001100000000000001
00001000000000000000000000000011
01010100001000110000000000000001
00101100110000110000000000000001
01010100000100110000000000001100
00010000001100000100001000000000
01101100110000001100000000000001
00101100110000110000000000001100
00000000000000000000000000000000
00101100110000110000000000001100
00000000000000000000000000000000
