01110100110100000000000001111111
01010000110000110100000000000000
00001000000000000000000000100101
00110000110000110000000000000001
00110000110000110000000000000001
00110000110000110000000000000001
01110100000100000000000000000000
01101100110000000100000000000010
01110100000100000000000000000000
01101100110000000100000000000011
01010100000100110000000000000011
01010100001000110000000000000110
10011000000100001000000000010000
01010100000100110000000000000111
01010100001000110000000000000011
00010000001000001000000100000000
01010100000100001000000000000000
01101100110000000100000000000001
01010100000100110000000000000001
01010100001000110000000000000101
01100000000100001000000000000100
01010100000100110000000000000010
00101100001000000100000000000001
01101100110000001000000000000010
00001000000000000000000000011001
01010100000100110000000000000011
00101100001000000100000000000001
01101100110000001000000000000011
00001000000000000000000000001010
01010100000100110000000000000010
01010100001000110000000000000100
00101100110000110000000000000110
01101100110000000100000000000001
10001000001000000000000000000000
01010100000100110000000000000100
00101100110000110000000000000111
10001000000100000000000000000000
00110000110000110000000000000001
00110000110000110000000000001010
00110000110000110000000000000001
00110000110000110000000000000001
00110000110000110000000000000001
01111100000100000000000000000000
01101100110000000100000000001110
01010100000100110000000000001110
10000100000100000000000000000000
01110100000100000000000000000000
01101100110000000100000000000011
01010100000100110000000000000011
01110100001000000000000000001010
10011000000100001000000000001100
01111100000100000000000000000000
01010100001000110000000000000011
00010000001000001000110000000000
01101100001000000100000000000100
01010100000100110000000000000011
00010000000100000100110000000000
01010100000100000100000000000100
10000100000100000000000000000000
01010100000100110000000000000011
00101100001000000100000000000001
01101100110000001000000000000011
00001000000000000000000000110000
01111100000100000000000000000000
01101100110000000100000000000001
00101100000100110000000000000100
00110000110000110000000000000001
01101100110000000100000000000001
01110100000100000000000000001010
00110000110000110000000000000001
01101100110000000100000000000001
01010100000100110000000000010000
00110000110000110000000000000001
01101100110000000100000000000001
01110100001000000000000001001110
00110000110000110000000000000001
01101100110000001000000000000001
00001000000000000000000000000011
01010100000100110000000000000001
00101100110000110000000000000001
01101100110000000100000000000010
01010100000100110000000000000010
10000100000100000000000000000000
00101100110000110000000000001110
00000000000000000000000000000000